(kicad_pcb (version 20171130) (host pcbnew "(5.1.10)-1")

  (general
    (thickness 1.6)
    (drawings 4)
    (tracks 266)
    (zones 0)
    (modules 32)
    (nets 47)
  )

  (page A4)
  (layers
    (0 F.Cu signal)
    (31 B.Cu signal)
    (32 B.Adhes user)
    (33 F.Adhes user)
    (34 B.Paste user)
    (35 F.Paste user)
    (36 B.SilkS user)
    (37 F.SilkS user)
    (38 B.Mask user)
    (39 F.Mask user)
    (40 Dwgs.User user)
    (41 Cmts.User user)
    (42 Eco1.User user)
    (43 Eco2.User user)
    (44 Edge.Cuts user)
    (45 Margin user)
    (46 B.CrtYd user)
    (47 F.CrtYd user)
    (48 B.Fab user)
    (49 F.Fab user)
  )

  (setup
    (last_trace_width 0.25)
    (trace_clearance 0.2)
    (zone_clearance 0.508)
    (zone_45_only no)
    (trace_min 0.2)
    (via_size 0.8)
    (via_drill 0.4)
    (via_min_size 0.4)
    (via_min_drill 0.3)
    (uvia_size 0.3)
    (uvia_drill 0.1)
    (uvias_allowed no)
    (uvia_min_size 0.2)
    (uvia_min_drill 0.1)
    (edge_width 0.05)
    (segment_width 0.2)
    (pcb_text_width 0.3)
    (pcb_text_size 1.5 1.5)
    (mod_edge_width 0.12)
    (mod_text_size 1 1)
    (mod_text_width 0.15)
    (pad_size 1.524 1.524)
    (pad_drill 0.762)
    (pad_to_mask_clearance 0)
    (aux_axis_origin 0 0)
    (visible_elements 7FFFFFFF)
    (pcbplotparams
      (layerselection 0x010fc_ffffffff)
      (usegerberextensions true)
      (usegerberattributes true)
      (usegerberadvancedattributes true)
      (creategerberjobfile true)
      (excludeedgelayer true)
      (linewidth 0.100000)
      (plotframeref false)
      (viasonmask false)
      (mode 1)
      (useauxorigin false)
      (hpglpennumber 1)
      (hpglpenspeed 20)
      (hpglpendiameter 15.000000)
      (psnegative false)
      (psa4output false)
      (plotreference true)
      (plotvalue true)
      (plotinvisibletext false)
      (padsonsilk false)
      (subtractmaskfromsilk false)
      (outputformat 1)
      (mirror false)
      (drillshape 0)
      (scaleselection 1)
      (outputdirectory "C:/Users/Adolf/Documents/kb/gerber/"))
  )

  (net 0 "")
  (net 1 "Net-(C1-Pad1)")
  (net 2 "Net-(C2-Pad1)")
  (net 3 VCC)
  (net 4 "Net-(C8-Pad1)")
  (net 5 "Net-(D1-Pad2)")
  (net 6 /row0)
  (net 7 "Net-(D2-Pad2)")
  (net 8 /row1)
  (net 9 "Net-(D3-Pad2)")
  (net 10 "Net-(D4-Pad2)")
  (net 11 "Net-(D5-Pad2)")
  (net 12 "Net-(D6-Pad2)")
  (net 13 "Net-(D7-Pad2)")
  (net 14 "Net-(D8-Pad2)")
  (net 15 "Net-(J1-Pad2)")
  (net 16 "Net-(J1-Pad3)")
  (net 17 "Net-(J1-Pad4)")
  (net 18 /col1)
  (net 19 /col2)
  (net 20 /col3)
  (net 21 "Net-(R1-Pad1)")
  (net 22 "Net-(R2-Pad2)")
  (net 23 "Net-(R3-Pad1)")
  (net 24 "Net-(R4-Pad1)")
  (net 25 "Net-(U1-Pad1)")
  (net 26 "Net-(U1-Pad8)")
  (net 27 "Net-(U1-Pad9)")
  (net 28 "Net-(U1-Pad10)")
  (net 29 "Net-(U1-Pad11)")
  (net 30 "Net-(U1-Pad12)")
  (net 31 "Net-(U1-Pad18)")
  (net 32 "Net-(U1-Pad19)")
  (net 33 "Net-(U1-Pad20)")
  (net 34 "Net-(U1-Pad21)")
  (net 35 "Net-(U1-Pad22)")
  (net 36 "Net-(U1-Pad25)")
  (net 37 "Net-(U1-Pad26)")
  (net 38 "Net-(U1-Pad27)")
  (net 39 "Net-(U1-Pad28)")
  (net 40 "Net-(U1-Pad29)")
  (net 41 "Net-(U1-Pad30)")
  (net 42 "Net-(U1-Pad31)")
  (net 43 "Net-(U1-Pad32)")
  (net 44 /col0)
  (net 45 "Net-(U1-Pad42)")
  (net 46 GND)

  (net_class Default "This is the default net class."
    (clearance 0.2)
    (trace_width 0.25)
    (via_dia 0.8)
    (via_drill 0.4)
    (uvia_dia 0.3)
    (uvia_drill 0.1)
    (add_net /col0)
    (add_net /col1)
    (add_net /col2)
    (add_net /col3)
    (add_net /row0)
    (add_net /row1)
    (add_net GND)
    (add_net "Net-(C1-Pad1)")
    (add_net "Net-(C2-Pad1)")
    (add_net "Net-(C8-Pad1)")
    (add_net "Net-(D1-Pad2)")
    (add_net "Net-(D2-Pad2)")
    (add_net "Net-(D3-Pad2)")
    (add_net "Net-(D4-Pad2)")
    (add_net "Net-(D5-Pad2)")
    (add_net "Net-(D6-Pad2)")
    (add_net "Net-(D7-Pad2)")
    (add_net "Net-(D8-Pad2)")
    (add_net "Net-(J1-Pad2)")
    (add_net "Net-(J1-Pad3)")
    (add_net "Net-(J1-Pad4)")
    (add_net "Net-(R1-Pad1)")
    (add_net "Net-(R2-Pad2)")
    (add_net "Net-(R3-Pad1)")
    (add_net "Net-(R4-Pad1)")
    (add_net "Net-(U1-Pad1)")
    (add_net "Net-(U1-Pad10)")
    (add_net "Net-(U1-Pad11)")
    (add_net "Net-(U1-Pad12)")
    (add_net "Net-(U1-Pad18)")
    (add_net "Net-(U1-Pad19)")
    (add_net "Net-(U1-Pad20)")
    (add_net "Net-(U1-Pad21)")
    (add_net "Net-(U1-Pad22)")
    (add_net "Net-(U1-Pad25)")
    (add_net "Net-(U1-Pad26)")
    (add_net "Net-(U1-Pad27)")
    (add_net "Net-(U1-Pad28)")
    (add_net "Net-(U1-Pad29)")
    (add_net "Net-(U1-Pad30)")
    (add_net "Net-(U1-Pad31)")
    (add_net "Net-(U1-Pad32)")
    (add_net "Net-(U1-Pad42)")
    (add_net "Net-(U1-Pad8)")
    (add_net "Net-(U1-Pad9)")
    (add_net VCC)
  )

  (module keyboard_parts:D_SOD123_axial (layer B.Cu) (tedit 561B6A12) (tstamp 60CF5AD4)
    (at 119.34375 75.5625 180)
    (path /60DEFF86)
    (attr smd)
    (fp_text reference D1 (at 0 -1.925) (layer B.SilkS)
      (effects (font (size 0.8 0.8) (thickness 0.15)) (justify mirror))
    )
    (fp_text value D (at 0 1.925) (layer B.SilkS) hide
      (effects (font (size 0.8 0.8) (thickness 0.15)) (justify mirror))
    )
    (fp_line (start -2.275 1.2) (end -2.275 -1.2) (layer B.SilkS) (width 0.2))
    (fp_line (start -2.45 1.2) (end -2.45 -1.2) (layer B.SilkS) (width 0.2))
    (fp_line (start -2.625 1.2) (end -2.625 -1.2) (layer B.SilkS) (width 0.2))
    (fp_line (start -3.025 -1.2) (end -3.025 1.2) (layer B.SilkS) (width 0.2))
    (fp_line (start -2.8 1.2) (end -2.8 -1.2) (layer B.SilkS) (width 0.2))
    (fp_line (start -2.925 1.2) (end -2.925 -1.2) (layer B.SilkS) (width 0.2))
    (fp_line (start -3 1.2) (end 2.8 1.2) (layer B.SilkS) (width 0.2))
    (fp_line (start 2.8 1.2) (end 2.8 -1.2) (layer B.SilkS) (width 0.2))
    (fp_line (start 2.8 -1.2) (end -3 -1.2) (layer B.SilkS) (width 0.2))
    (pad 2 smd rect (at 1.575 0 180) (size 1.2 1.2) (layers B.Cu B.Paste B.Mask)
      (net 5 "Net-(D1-Pad2)"))
    (pad 1 smd rect (at -1.575 0 180) (size 1.2 1.2) (layers B.Cu B.Paste B.Mask)
      (net 6 /row0))
    (pad 1 thru_hole rect (at -3.9 0 180) (size 1.6 1.6) (drill 0.7) (layers *.Cu *.Mask B.SilkS)
      (net 6 /row0))
    (pad 2 thru_hole circle (at 3.9 0 180) (size 1.6 1.6) (drill 0.7) (layers *.Cu *.Mask B.SilkS)
      (net 5 "Net-(D1-Pad2)"))
    (pad 1 smd rect (at -2.7 0 180) (size 2.5 0.5) (layers B.Cu)
      (net 6 /row0) (solder_mask_margin -999))
    (pad 2 smd rect (at 2.7 0 180) (size 2.5 0.5) (layers B.Cu)
      (net 5 "Net-(D1-Pad2)") (solder_mask_margin -999))
  )

  (module Capacitor_SMD:C_0805_2012Metric (layer B.Cu) (tedit 5F68FEEE) (tstamp 60CF2AE1)
    (at 191.25 71.7 90)
    (descr "Capacitor SMD 0805 (2012 Metric), square (rectangular) end terminal, IPC_7351 nominal, (Body size source: IPC-SM-782 page 76, https://www.pcb-3d.com/wordpress/wp-content/uploads/ipc-sm-782a_amendment_1_and_2.pdf, https://docs.google.com/spreadsheets/d/1BsfQQcO9C6DZCsRaXUlFlo91Tg2WpOkGARC1WS5S8t0/edit?usp=sharing), generated with kicad-footprint-generator")
    (tags capacitor)
    (path /60CE650A)
    (attr smd)
    (fp_text reference C1 (at 0 1.68 270) (layer B.SilkS)
      (effects (font (size 1 1) (thickness 0.15)) (justify mirror))
    )
    (fp_text value 22p (at 0 -1.68 270) (layer B.Fab)
      (effects (font (size 1 1) (thickness 0.15)) (justify mirror))
    )
    (fp_line (start -1 -0.625) (end -1 0.625) (layer B.Fab) (width 0.1))
    (fp_line (start -1 0.625) (end 1 0.625) (layer B.Fab) (width 0.1))
    (fp_line (start 1 0.625) (end 1 -0.625) (layer B.Fab) (width 0.1))
    (fp_line (start 1 -0.625) (end -1 -0.625) (layer B.Fab) (width 0.1))
    (fp_line (start -0.261252 0.735) (end 0.261252 0.735) (layer B.SilkS) (width 0.12))
    (fp_line (start -0.261252 -0.735) (end 0.261252 -0.735) (layer B.SilkS) (width 0.12))
    (fp_line (start -1.7 -0.98) (end -1.7 0.98) (layer B.CrtYd) (width 0.05))
    (fp_line (start -1.7 0.98) (end 1.7 0.98) (layer B.CrtYd) (width 0.05))
    (fp_line (start 1.7 0.98) (end 1.7 -0.98) (layer B.CrtYd) (width 0.05))
    (fp_line (start 1.7 -0.98) (end -1.7 -0.98) (layer B.CrtYd) (width 0.05))
    (fp_text user %R (at 0 0 270) (layer B.Fab)
      (effects (font (size 0.5 0.5) (thickness 0.08)) (justify mirror))
    )
    (pad 1 smd roundrect (at -0.95 0 90) (size 1 1.45) (layers B.Cu B.Paste B.Mask) (roundrect_rratio 0.25)
      (net 1 "Net-(C1-Pad1)"))
    (pad 2 smd roundrect (at 0.95 0 90) (size 1 1.45) (layers B.Cu B.Paste B.Mask) (roundrect_rratio 0.25)
      (net 46 GND))
    (model ${KISYS3DMOD}/Capacitor_SMD.3dshapes/C_0805_2012Metric.wrl
      (at (xyz 0 0 0))
      (scale (xyz 1 1 1))
      (rotate (xyz 0 0 0))
    )
  )

  (module Capacitor_SMD:C_0805_2012Metric (layer B.Cu) (tedit 5F68FEEE) (tstamp 60CF2AF2)
    (at 200.75 71.59375 90)
    (descr "Capacitor SMD 0805 (2012 Metric), square (rectangular) end terminal, IPC_7351 nominal, (Body size source: IPC-SM-782 page 76, https://www.pcb-3d.com/wordpress/wp-content/uploads/ipc-sm-782a_amendment_1_and_2.pdf, https://docs.google.com/spreadsheets/d/1BsfQQcO9C6DZCsRaXUlFlo91Tg2WpOkGARC1WS5S8t0/edit?usp=sharing), generated with kicad-footprint-generator")
    (tags capacitor)
    (path /60CE52EC)
    (attr smd)
    (fp_text reference C2 (at 0 1.68 270) (layer B.SilkS)
      (effects (font (size 1 1) (thickness 0.15)) (justify mirror))
    )
    (fp_text value 22p (at 0 -1.68 270) (layer B.Fab)
      (effects (font (size 1 1) (thickness 0.15)) (justify mirror))
    )
    (fp_line (start 1.7 -0.98) (end -1.7 -0.98) (layer B.CrtYd) (width 0.05))
    (fp_line (start 1.7 0.98) (end 1.7 -0.98) (layer B.CrtYd) (width 0.05))
    (fp_line (start -1.7 0.98) (end 1.7 0.98) (layer B.CrtYd) (width 0.05))
    (fp_line (start -1.7 -0.98) (end -1.7 0.98) (layer B.CrtYd) (width 0.05))
    (fp_line (start -0.261252 -0.735) (end 0.261252 -0.735) (layer B.SilkS) (width 0.12))
    (fp_line (start -0.261252 0.735) (end 0.261252 0.735) (layer B.SilkS) (width 0.12))
    (fp_line (start 1 -0.625) (end -1 -0.625) (layer B.Fab) (width 0.1))
    (fp_line (start 1 0.625) (end 1 -0.625) (layer B.Fab) (width 0.1))
    (fp_line (start -1 0.625) (end 1 0.625) (layer B.Fab) (width 0.1))
    (fp_line (start -1 -0.625) (end -1 0.625) (layer B.Fab) (width 0.1))
    (fp_text user %R (at 0 0 270) (layer B.Fab)
      (effects (font (size 0.5 0.5) (thickness 0.08)) (justify mirror))
    )
    (pad 2 smd roundrect (at 0.95 0 90) (size 1 1.45) (layers B.Cu B.Paste B.Mask) (roundrect_rratio 0.25)
      (net 46 GND))
    (pad 1 smd roundrect (at -0.95 0 90) (size 1 1.45) (layers B.Cu B.Paste B.Mask) (roundrect_rratio 0.25)
      (net 2 "Net-(C2-Pad1)"))
    (model ${KISYS3DMOD}/Capacitor_SMD.3dshapes/C_0805_2012Metric.wrl
      (at (xyz 0 0 0))
      (scale (xyz 1 1 1))
      (rotate (xyz 0 0 0))
    )
  )

  (module Capacitor_SMD:C_0805_2012Metric (layer B.Cu) (tedit 5F68FEEE) (tstamp 60CF2B03)
    (at 186.59375 87.0625 90)
    (descr "Capacitor SMD 0805 (2012 Metric), square (rectangular) end terminal, IPC_7351 nominal, (Body size source: IPC-SM-782 page 76, https://www.pcb-3d.com/wordpress/wp-content/uploads/ipc-sm-782a_amendment_1_and_2.pdf, https://docs.google.com/spreadsheets/d/1BsfQQcO9C6DZCsRaXUlFlo91Tg2WpOkGARC1WS5S8t0/edit?usp=sharing), generated with kicad-footprint-generator")
    (tags capacitor)
    (path /60CF2DCF)
    (attr smd)
    (fp_text reference C3 (at 0 1.68 270) (layer B.SilkS)
      (effects (font (size 1 1) (thickness 0.15)) (justify mirror))
    )
    (fp_text value 0.1u (at 0 -1.68 270) (layer B.Fab)
      (effects (font (size 1 1) (thickness 0.15)) (justify mirror))
    )
    (fp_line (start -1 -0.625) (end -1 0.625) (layer B.Fab) (width 0.1))
    (fp_line (start -1 0.625) (end 1 0.625) (layer B.Fab) (width 0.1))
    (fp_line (start 1 0.625) (end 1 -0.625) (layer B.Fab) (width 0.1))
    (fp_line (start 1 -0.625) (end -1 -0.625) (layer B.Fab) (width 0.1))
    (fp_line (start -0.261252 0.735) (end 0.261252 0.735) (layer B.SilkS) (width 0.12))
    (fp_line (start -0.261252 -0.735) (end 0.261252 -0.735) (layer B.SilkS) (width 0.12))
    (fp_line (start -1.7 -0.98) (end -1.7 0.98) (layer B.CrtYd) (width 0.05))
    (fp_line (start -1.7 0.98) (end 1.7 0.98) (layer B.CrtYd) (width 0.05))
    (fp_line (start 1.7 0.98) (end 1.7 -0.98) (layer B.CrtYd) (width 0.05))
    (fp_line (start 1.7 -0.98) (end -1.7 -0.98) (layer B.CrtYd) (width 0.05))
    (fp_text user %R (at 0 0 270) (layer B.Fab)
      (effects (font (size 0.5 0.5) (thickness 0.08)) (justify mirror))
    )
    (pad 1 smd roundrect (at -0.95 0 90) (size 1 1.45) (layers B.Cu B.Paste B.Mask) (roundrect_rratio 0.25)
      (net 3 VCC))
    (pad 2 smd roundrect (at 0.95 0 90) (size 1 1.45) (layers B.Cu B.Paste B.Mask) (roundrect_rratio 0.25)
      (net 46 GND))
    (model ${KISYS3DMOD}/Capacitor_SMD.3dshapes/C_0805_2012Metric.wrl
      (at (xyz 0 0 0))
      (scale (xyz 1 1 1))
      (rotate (xyz 0 0 0))
    )
  )

  (module Capacitor_SMD:C_0805_2012Metric (layer B.Cu) (tedit 5F68FEEE) (tstamp 60CF2B14)
    (at 186.59375 77.125 90)
    (descr "Capacitor SMD 0805 (2012 Metric), square (rectangular) end terminal, IPC_7351 nominal, (Body size source: IPC-SM-782 page 76, https://www.pcb-3d.com/wordpress/wp-content/uploads/ipc-sm-782a_amendment_1_and_2.pdf, https://docs.google.com/spreadsheets/d/1BsfQQcO9C6DZCsRaXUlFlo91Tg2WpOkGARC1WS5S8t0/edit?usp=sharing), generated with kicad-footprint-generator")
    (tags capacitor)
    (path /60CF5260)
    (attr smd)
    (fp_text reference C4 (at 0 1.68 270) (layer B.SilkS)
      (effects (font (size 1 1) (thickness 0.15)) (justify mirror))
    )
    (fp_text value 0.1u (at 0 -1.68 270) (layer B.Fab)
      (effects (font (size 1 1) (thickness 0.15)) (justify mirror))
    )
    (fp_line (start 1.7 -0.98) (end -1.7 -0.98) (layer B.CrtYd) (width 0.05))
    (fp_line (start 1.7 0.98) (end 1.7 -0.98) (layer B.CrtYd) (width 0.05))
    (fp_line (start -1.7 0.98) (end 1.7 0.98) (layer B.CrtYd) (width 0.05))
    (fp_line (start -1.7 -0.98) (end -1.7 0.98) (layer B.CrtYd) (width 0.05))
    (fp_line (start -0.261252 -0.735) (end 0.261252 -0.735) (layer B.SilkS) (width 0.12))
    (fp_line (start -0.261252 0.735) (end 0.261252 0.735) (layer B.SilkS) (width 0.12))
    (fp_line (start 1 -0.625) (end -1 -0.625) (layer B.Fab) (width 0.1))
    (fp_line (start 1 0.625) (end 1 -0.625) (layer B.Fab) (width 0.1))
    (fp_line (start -1 0.625) (end 1 0.625) (layer B.Fab) (width 0.1))
    (fp_line (start -1 -0.625) (end -1 0.625) (layer B.Fab) (width 0.1))
    (fp_text user %R (at 0 0 270) (layer B.Fab)
      (effects (font (size 0.5 0.5) (thickness 0.08)) (justify mirror))
    )
    (pad 2 smd roundrect (at 0.95 0 90) (size 1 1.45) (layers B.Cu B.Paste B.Mask) (roundrect_rratio 0.25)
      (net 46 GND))
    (pad 1 smd roundrect (at -0.95 0 90) (size 1 1.45) (layers B.Cu B.Paste B.Mask) (roundrect_rratio 0.25)
      (net 3 VCC))
    (model ${KISYS3DMOD}/Capacitor_SMD.3dshapes/C_0805_2012Metric.wrl
      (at (xyz 0 0 0))
      (scale (xyz 1 1 1))
      (rotate (xyz 0 0 0))
    )
  )

  (module Capacitor_SMD:C_0805_2012Metric (layer B.Cu) (tedit 5F68FEEE) (tstamp 60CF2B25)
    (at 205.4375 77.125 270)
    (descr "Capacitor SMD 0805 (2012 Metric), square (rectangular) end terminal, IPC_7351 nominal, (Body size source: IPC-SM-782 page 76, https://www.pcb-3d.com/wordpress/wp-content/uploads/ipc-sm-782a_amendment_1_and_2.pdf, https://docs.google.com/spreadsheets/d/1BsfQQcO9C6DZCsRaXUlFlo91Tg2WpOkGARC1WS5S8t0/edit?usp=sharing), generated with kicad-footprint-generator")
    (tags capacitor)
    (path /60CF579E)
    (attr smd)
    (fp_text reference C5 (at 0 1.68 270) (layer B.SilkS)
      (effects (font (size 1 1) (thickness 0.15)) (justify mirror))
    )
    (fp_text value 0.1u (at 0 -1.68 270) (layer B.Fab)
      (effects (font (size 1 1) (thickness 0.15)) (justify mirror))
    )
    (fp_line (start -1 -0.625) (end -1 0.625) (layer B.Fab) (width 0.1))
    (fp_line (start -1 0.625) (end 1 0.625) (layer B.Fab) (width 0.1))
    (fp_line (start 1 0.625) (end 1 -0.625) (layer B.Fab) (width 0.1))
    (fp_line (start 1 -0.625) (end -1 -0.625) (layer B.Fab) (width 0.1))
    (fp_line (start -0.261252 0.735) (end 0.261252 0.735) (layer B.SilkS) (width 0.12))
    (fp_line (start -0.261252 -0.735) (end 0.261252 -0.735) (layer B.SilkS) (width 0.12))
    (fp_line (start -1.7 -0.98) (end -1.7 0.98) (layer B.CrtYd) (width 0.05))
    (fp_line (start -1.7 0.98) (end 1.7 0.98) (layer B.CrtYd) (width 0.05))
    (fp_line (start 1.7 0.98) (end 1.7 -0.98) (layer B.CrtYd) (width 0.05))
    (fp_line (start 1.7 -0.98) (end -1.7 -0.98) (layer B.CrtYd) (width 0.05))
    (fp_text user %R (at 0 0 270) (layer B.Fab)
      (effects (font (size 0.5 0.5) (thickness 0.08)) (justify mirror))
    )
    (pad 1 smd roundrect (at -0.95 0 270) (size 1 1.45) (layers B.Cu B.Paste B.Mask) (roundrect_rratio 0.25)
      (net 3 VCC))
    (pad 2 smd roundrect (at 0.95 0 270) (size 1 1.45) (layers B.Cu B.Paste B.Mask) (roundrect_rratio 0.25)
      (net 46 GND))
    (model ${KISYS3DMOD}/Capacitor_SMD.3dshapes/C_0805_2012Metric.wrl
      (at (xyz 0 0 0))
      (scale (xyz 1 1 1))
      (rotate (xyz 0 0 0))
    )
  )

  (module Capacitor_SMD:C_0805_2012Metric (layer B.Cu) (tedit 5F68FEEE) (tstamp 60CF2B36)
    (at 186.5 71.8 90)
    (descr "Capacitor SMD 0805 (2012 Metric), square (rectangular) end terminal, IPC_7351 nominal, (Body size source: IPC-SM-782 page 76, https://www.pcb-3d.com/wordpress/wp-content/uploads/ipc-sm-782a_amendment_1_and_2.pdf, https://docs.google.com/spreadsheets/d/1BsfQQcO9C6DZCsRaXUlFlo91Tg2WpOkGARC1WS5S8t0/edit?usp=sharing), generated with kicad-footprint-generator")
    (tags capacitor)
    (path /60CF5A11)
    (attr smd)
    (fp_text reference C6 (at 0 1.68 270) (layer B.SilkS)
      (effects (font (size 1 1) (thickness 0.15)) (justify mirror))
    )
    (fp_text value 0.1u (at 0 -1.68 270) (layer B.Fab)
      (effects (font (size 1 1) (thickness 0.15)) (justify mirror))
    )
    (fp_line (start 1.7 -0.98) (end -1.7 -0.98) (layer B.CrtYd) (width 0.05))
    (fp_line (start 1.7 0.98) (end 1.7 -0.98) (layer B.CrtYd) (width 0.05))
    (fp_line (start -1.7 0.98) (end 1.7 0.98) (layer B.CrtYd) (width 0.05))
    (fp_line (start -1.7 -0.98) (end -1.7 0.98) (layer B.CrtYd) (width 0.05))
    (fp_line (start -0.261252 -0.735) (end 0.261252 -0.735) (layer B.SilkS) (width 0.12))
    (fp_line (start -0.261252 0.735) (end 0.261252 0.735) (layer B.SilkS) (width 0.12))
    (fp_line (start 1 -0.625) (end -1 -0.625) (layer B.Fab) (width 0.1))
    (fp_line (start 1 0.625) (end 1 -0.625) (layer B.Fab) (width 0.1))
    (fp_line (start -1 0.625) (end 1 0.625) (layer B.Fab) (width 0.1))
    (fp_line (start -1 -0.625) (end -1 0.625) (layer B.Fab) (width 0.1))
    (fp_text user %R (at 0 0 270) (layer B.Fab)
      (effects (font (size 0.5 0.5) (thickness 0.08)) (justify mirror))
    )
    (pad 2 smd roundrect (at 0.95 0 90) (size 1 1.45) (layers B.Cu B.Paste B.Mask) (roundrect_rratio 0.25)
      (net 46 GND))
    (pad 1 smd roundrect (at -0.95 0 90) (size 1 1.45) (layers B.Cu B.Paste B.Mask) (roundrect_rratio 0.25)
      (net 3 VCC))
    (model ${KISYS3DMOD}/Capacitor_SMD.3dshapes/C_0805_2012Metric.wrl
      (at (xyz 0 0 0))
      (scale (xyz 1 1 1))
      (rotate (xyz 0 0 0))
    )
  )

  (module Capacitor_SMD:C_0805_2012Metric (layer B.Cu) (tedit 5F68FEEE) (tstamp 60CF2B47)
    (at 205.4375 87.14375 270)
    (descr "Capacitor SMD 0805 (2012 Metric), square (rectangular) end terminal, IPC_7351 nominal, (Body size source: IPC-SM-782 page 76, https://www.pcb-3d.com/wordpress/wp-content/uploads/ipc-sm-782a_amendment_1_and_2.pdf, https://docs.google.com/spreadsheets/d/1BsfQQcO9C6DZCsRaXUlFlo91Tg2WpOkGARC1WS5S8t0/edit?usp=sharing), generated with kicad-footprint-generator")
    (tags capacitor)
    (path /60CF5E66)
    (attr smd)
    (fp_text reference C7 (at 0 1.68 270) (layer B.SilkS)
      (effects (font (size 1 1) (thickness 0.15)) (justify mirror))
    )
    (fp_text value 4.7u (at 0 -1.68 270) (layer B.Fab)
      (effects (font (size 1 1) (thickness 0.15)) (justify mirror))
    )
    (fp_line (start -1 -0.625) (end -1 0.625) (layer B.Fab) (width 0.1))
    (fp_line (start -1 0.625) (end 1 0.625) (layer B.Fab) (width 0.1))
    (fp_line (start 1 0.625) (end 1 -0.625) (layer B.Fab) (width 0.1))
    (fp_line (start 1 -0.625) (end -1 -0.625) (layer B.Fab) (width 0.1))
    (fp_line (start -0.261252 0.735) (end 0.261252 0.735) (layer B.SilkS) (width 0.12))
    (fp_line (start -0.261252 -0.735) (end 0.261252 -0.735) (layer B.SilkS) (width 0.12))
    (fp_line (start -1.7 -0.98) (end -1.7 0.98) (layer B.CrtYd) (width 0.05))
    (fp_line (start -1.7 0.98) (end 1.7 0.98) (layer B.CrtYd) (width 0.05))
    (fp_line (start 1.7 0.98) (end 1.7 -0.98) (layer B.CrtYd) (width 0.05))
    (fp_line (start 1.7 -0.98) (end -1.7 -0.98) (layer B.CrtYd) (width 0.05))
    (fp_text user %R (at 0 0 270) (layer B.Fab)
      (effects (font (size 0.5 0.5) (thickness 0.08)) (justify mirror))
    )
    (pad 1 smd roundrect (at -0.95 0 270) (size 1 1.45) (layers B.Cu B.Paste B.Mask) (roundrect_rratio 0.25)
      (net 3 VCC))
    (pad 2 smd roundrect (at 0.95 0 270) (size 1 1.45) (layers B.Cu B.Paste B.Mask) (roundrect_rratio 0.25)
      (net 46 GND))
    (model ${KISYS3DMOD}/Capacitor_SMD.3dshapes/C_0805_2012Metric.wrl
      (at (xyz 0 0 0))
      (scale (xyz 1 1 1))
      (rotate (xyz 0 0 0))
    )
  )

  (module Capacitor_SMD:C_0805_2012Metric (layer B.Cu) (tedit 5F68FEEE) (tstamp 60CF2B58)
    (at 186.5 82.25 90)
    (descr "Capacitor SMD 0805 (2012 Metric), square (rectangular) end terminal, IPC_7351 nominal, (Body size source: IPC-SM-782 page 76, https://www.pcb-3d.com/wordpress/wp-content/uploads/ipc-sm-782a_amendment_1_and_2.pdf, https://docs.google.com/spreadsheets/d/1BsfQQcO9C6DZCsRaXUlFlo91Tg2WpOkGARC1WS5S8t0/edit?usp=sharing), generated with kicad-footprint-generator")
    (tags capacitor)
    (path /60D2C173)
    (attr smd)
    (fp_text reference C8 (at 0 1.68 270) (layer B.SilkS)
      (effects (font (size 1 1) (thickness 0.15)) (justify mirror))
    )
    (fp_text value 1u (at 0 -1.68 270) (layer B.Fab)
      (effects (font (size 1 1) (thickness 0.15)) (justify mirror))
    )
    (fp_line (start 1.7 -0.98) (end -1.7 -0.98) (layer B.CrtYd) (width 0.05))
    (fp_line (start 1.7 0.98) (end 1.7 -0.98) (layer B.CrtYd) (width 0.05))
    (fp_line (start -1.7 0.98) (end 1.7 0.98) (layer B.CrtYd) (width 0.05))
    (fp_line (start -1.7 -0.98) (end -1.7 0.98) (layer B.CrtYd) (width 0.05))
    (fp_line (start -0.261252 -0.735) (end 0.261252 -0.735) (layer B.SilkS) (width 0.12))
    (fp_line (start -0.261252 0.735) (end 0.261252 0.735) (layer B.SilkS) (width 0.12))
    (fp_line (start 1 -0.625) (end -1 -0.625) (layer B.Fab) (width 0.1))
    (fp_line (start 1 0.625) (end 1 -0.625) (layer B.Fab) (width 0.1))
    (fp_line (start -1 0.625) (end 1 0.625) (layer B.Fab) (width 0.1))
    (fp_line (start -1 -0.625) (end -1 0.625) (layer B.Fab) (width 0.1))
    (fp_text user %R (at 0 0 270) (layer B.Fab)
      (effects (font (size 0.5 0.5) (thickness 0.08)) (justify mirror))
    )
    (pad 2 smd roundrect (at 0.95 0 90) (size 1 1.45) (layers B.Cu B.Paste B.Mask) (roundrect_rratio 0.25)
      (net 46 GND))
    (pad 1 smd roundrect (at -0.95 0 90) (size 1 1.45) (layers B.Cu B.Paste B.Mask) (roundrect_rratio 0.25)
      (net 4 "Net-(C8-Pad1)"))
    (model ${KISYS3DMOD}/Capacitor_SMD.3dshapes/C_0805_2012Metric.wrl
      (at (xyz 0 0 0))
      (scale (xyz 1 1 1))
      (rotate (xyz 0 0 0))
    )
  )

  (module keyboard_parts:D_SOD123_axial (layer B.Cu) (tedit 561B6A12) (tstamp 60CFDBD0)
    (at 119.34375 94.875 180)
    (path /60DFD107)
    (attr smd)
    (fp_text reference D2 (at 0 -1.925) (layer B.SilkS)
      (effects (font (size 0.8 0.8) (thickness 0.15)) (justify mirror))
    )
    (fp_text value D (at 0 1.925) (layer B.SilkS) hide
      (effects (font (size 0.8 0.8) (thickness 0.15)) (justify mirror))
    )
    (fp_line (start -2.275 1.2) (end -2.275 -1.2) (layer B.SilkS) (width 0.2))
    (fp_line (start -2.45 1.2) (end -2.45 -1.2) (layer B.SilkS) (width 0.2))
    (fp_line (start -2.625 1.2) (end -2.625 -1.2) (layer B.SilkS) (width 0.2))
    (fp_line (start -3.025 -1.2) (end -3.025 1.2) (layer B.SilkS) (width 0.2))
    (fp_line (start -2.8 1.2) (end -2.8 -1.2) (layer B.SilkS) (width 0.2))
    (fp_line (start -2.925 1.2) (end -2.925 -1.2) (layer B.SilkS) (width 0.2))
    (fp_line (start -3 1.2) (end 2.8 1.2) (layer B.SilkS) (width 0.2))
    (fp_line (start 2.8 1.2) (end 2.8 -1.2) (layer B.SilkS) (width 0.2))
    (fp_line (start 2.8 -1.2) (end -3 -1.2) (layer B.SilkS) (width 0.2))
    (pad 2 smd rect (at 1.575 0 180) (size 1.2 1.2) (layers B.Cu B.Paste B.Mask)
      (net 7 "Net-(D2-Pad2)"))
    (pad 1 smd rect (at -1.575 0 180) (size 1.2 1.2) (layers B.Cu B.Paste B.Mask)
      (net 8 /row1))
    (pad 1 thru_hole rect (at -3.9 0 180) (size 1.6 1.6) (drill 0.7) (layers *.Cu *.Mask B.SilkS)
      (net 8 /row1))
    (pad 2 thru_hole circle (at 3.9 0 180) (size 1.6 1.6) (drill 0.7) (layers *.Cu *.Mask B.SilkS)
      (net 7 "Net-(D2-Pad2)"))
    (pad 1 smd rect (at -2.7 0 180) (size 2.5 0.5) (layers B.Cu)
      (net 8 /row1) (solder_mask_margin -999))
    (pad 2 smd rect (at 2.7 0 180) (size 2.5 0.5) (layers B.Cu)
      (net 7 "Net-(D2-Pad2)") (solder_mask_margin -999))
  )

  (module keyboard_parts:D_SOD123_axial (layer B.Cu) (tedit 561B6A12) (tstamp 60CF4325)
    (at 138.65625 75.5625 180)
    (path /60DF2F18)
    (attr smd)
    (fp_text reference D3 (at 0 -1.925) (layer B.SilkS)
      (effects (font (size 0.8 0.8) (thickness 0.15)) (justify mirror))
    )
    (fp_text value D (at 0 1.925) (layer B.SilkS) hide
      (effects (font (size 0.8 0.8) (thickness 0.15)) (justify mirror))
    )
    (fp_line (start 2.8 -1.2) (end -3 -1.2) (layer B.SilkS) (width 0.2))
    (fp_line (start 2.8 1.2) (end 2.8 -1.2) (layer B.SilkS) (width 0.2))
    (fp_line (start -3 1.2) (end 2.8 1.2) (layer B.SilkS) (width 0.2))
    (fp_line (start -2.925 1.2) (end -2.925 -1.2) (layer B.SilkS) (width 0.2))
    (fp_line (start -2.8 1.2) (end -2.8 -1.2) (layer B.SilkS) (width 0.2))
    (fp_line (start -3.025 -1.2) (end -3.025 1.2) (layer B.SilkS) (width 0.2))
    (fp_line (start -2.625 1.2) (end -2.625 -1.2) (layer B.SilkS) (width 0.2))
    (fp_line (start -2.45 1.2) (end -2.45 -1.2) (layer B.SilkS) (width 0.2))
    (fp_line (start -2.275 1.2) (end -2.275 -1.2) (layer B.SilkS) (width 0.2))
    (pad 2 smd rect (at 2.7 0 180) (size 2.5 0.5) (layers B.Cu)
      (net 9 "Net-(D3-Pad2)") (solder_mask_margin -999))
    (pad 1 smd rect (at -2.7 0 180) (size 2.5 0.5) (layers B.Cu)
      (net 6 /row0) (solder_mask_margin -999))
    (pad 2 thru_hole circle (at 3.9 0 180) (size 1.6 1.6) (drill 0.7) (layers *.Cu *.Mask B.SilkS)
      (net 9 "Net-(D3-Pad2)"))
    (pad 1 thru_hole rect (at -3.9 0 180) (size 1.6 1.6) (drill 0.7) (layers *.Cu *.Mask B.SilkS)
      (net 6 /row0))
    (pad 1 smd rect (at -1.575 0 180) (size 1.2 1.2) (layers B.Cu B.Paste B.Mask)
      (net 6 /row0))
    (pad 2 smd rect (at 1.575 0 180) (size 1.2 1.2) (layers B.Cu B.Paste B.Mask)
      (net 9 "Net-(D3-Pad2)"))
  )

  (module keyboard_parts:D_SOD123_axial (layer B.Cu) (tedit 561B6A12) (tstamp 60CF2BA4)
    (at 138.65625 94.875 180)
    (path /60DFD10D)
    (attr smd)
    (fp_text reference D4 (at 0 -1.925) (layer B.SilkS)
      (effects (font (size 0.8 0.8) (thickness 0.15)) (justify mirror))
    )
    (fp_text value D (at 0 1.925) (layer B.SilkS) hide
      (effects (font (size 0.8 0.8) (thickness 0.15)) (justify mirror))
    )
    (fp_line (start 2.8 -1.2) (end -3 -1.2) (layer B.SilkS) (width 0.2))
    (fp_line (start 2.8 1.2) (end 2.8 -1.2) (layer B.SilkS) (width 0.2))
    (fp_line (start -3 1.2) (end 2.8 1.2) (layer B.SilkS) (width 0.2))
    (fp_line (start -2.925 1.2) (end -2.925 -1.2) (layer B.SilkS) (width 0.2))
    (fp_line (start -2.8 1.2) (end -2.8 -1.2) (layer B.SilkS) (width 0.2))
    (fp_line (start -3.025 -1.2) (end -3.025 1.2) (layer B.SilkS) (width 0.2))
    (fp_line (start -2.625 1.2) (end -2.625 -1.2) (layer B.SilkS) (width 0.2))
    (fp_line (start -2.45 1.2) (end -2.45 -1.2) (layer B.SilkS) (width 0.2))
    (fp_line (start -2.275 1.2) (end -2.275 -1.2) (layer B.SilkS) (width 0.2))
    (pad 2 smd rect (at 2.7 0 180) (size 2.5 0.5) (layers B.Cu)
      (net 10 "Net-(D4-Pad2)") (solder_mask_margin -999))
    (pad 1 smd rect (at -2.7 0 180) (size 2.5 0.5) (layers B.Cu)
      (net 8 /row1) (solder_mask_margin -999))
    (pad 2 thru_hole circle (at 3.9 0 180) (size 1.6 1.6) (drill 0.7) (layers *.Cu *.Mask B.SilkS)
      (net 10 "Net-(D4-Pad2)"))
    (pad 1 thru_hole rect (at -3.9 0 180) (size 1.6 1.6) (drill 0.7) (layers *.Cu *.Mask B.SilkS)
      (net 8 /row1))
    (pad 1 smd rect (at -1.575 0 180) (size 1.2 1.2) (layers B.Cu B.Paste B.Mask)
      (net 8 /row1))
    (pad 2 smd rect (at 1.575 0 180) (size 1.2 1.2) (layers B.Cu B.Paste B.Mask)
      (net 10 "Net-(D4-Pad2)"))
  )

  (module keyboard_parts:D_SOD123_axial (layer B.Cu) (tedit 561B6A12) (tstamp 60CF2BB7)
    (at 157.96875 75.5625 180)
    (path /60E15875)
    (attr smd)
    (fp_text reference D5 (at 0 -1.925) (layer B.SilkS)
      (effects (font (size 0.8 0.8) (thickness 0.15)) (justify mirror))
    )
    (fp_text value D (at 0 1.925) (layer B.SilkS) hide
      (effects (font (size 0.8 0.8) (thickness 0.15)) (justify mirror))
    )
    (fp_line (start 2.8 -1.2) (end -3 -1.2) (layer B.SilkS) (width 0.2))
    (fp_line (start 2.8 1.2) (end 2.8 -1.2) (layer B.SilkS) (width 0.2))
    (fp_line (start -3 1.2) (end 2.8 1.2) (layer B.SilkS) (width 0.2))
    (fp_line (start -2.925 1.2) (end -2.925 -1.2) (layer B.SilkS) (width 0.2))
    (fp_line (start -2.8 1.2) (end -2.8 -1.2) (layer B.SilkS) (width 0.2))
    (fp_line (start -3.025 -1.2) (end -3.025 1.2) (layer B.SilkS) (width 0.2))
    (fp_line (start -2.625 1.2) (end -2.625 -1.2) (layer B.SilkS) (width 0.2))
    (fp_line (start -2.45 1.2) (end -2.45 -1.2) (layer B.SilkS) (width 0.2))
    (fp_line (start -2.275 1.2) (end -2.275 -1.2) (layer B.SilkS) (width 0.2))
    (pad 2 smd rect (at 2.7 0 180) (size 2.5 0.5) (layers B.Cu)
      (net 11 "Net-(D5-Pad2)") (solder_mask_margin -999))
    (pad 1 smd rect (at -2.7 0 180) (size 2.5 0.5) (layers B.Cu)
      (net 6 /row0) (solder_mask_margin -999))
    (pad 2 thru_hole circle (at 3.9 0 180) (size 1.6 1.6) (drill 0.7) (layers *.Cu *.Mask B.SilkS)
      (net 11 "Net-(D5-Pad2)"))
    (pad 1 thru_hole rect (at -3.9 0 180) (size 1.6 1.6) (drill 0.7) (layers *.Cu *.Mask B.SilkS)
      (net 6 /row0))
    (pad 1 smd rect (at -1.575 0 180) (size 1.2 1.2) (layers B.Cu B.Paste B.Mask)
      (net 6 /row0))
    (pad 2 smd rect (at 1.575 0 180) (size 1.2 1.2) (layers B.Cu B.Paste B.Mask)
      (net 11 "Net-(D5-Pad2)"))
  )

  (module keyboard_parts:D_SOD123_axial (layer B.Cu) (tedit 561B6A12) (tstamp 60CF2BCA)
    (at 157.96875 94.875 180)
    (path /60E15894)
    (attr smd)
    (fp_text reference D6 (at 0 -1.925) (layer B.SilkS)
      (effects (font (size 0.8 0.8) (thickness 0.15)) (justify mirror))
    )
    (fp_text value D (at 0 1.925) (layer B.SilkS) hide
      (effects (font (size 0.8 0.8) (thickness 0.15)) (justify mirror))
    )
    (fp_line (start -2.275 1.2) (end -2.275 -1.2) (layer B.SilkS) (width 0.2))
    (fp_line (start -2.45 1.2) (end -2.45 -1.2) (layer B.SilkS) (width 0.2))
    (fp_line (start -2.625 1.2) (end -2.625 -1.2) (layer B.SilkS) (width 0.2))
    (fp_line (start -3.025 -1.2) (end -3.025 1.2) (layer B.SilkS) (width 0.2))
    (fp_line (start -2.8 1.2) (end -2.8 -1.2) (layer B.SilkS) (width 0.2))
    (fp_line (start -2.925 1.2) (end -2.925 -1.2) (layer B.SilkS) (width 0.2))
    (fp_line (start -3 1.2) (end 2.8 1.2) (layer B.SilkS) (width 0.2))
    (fp_line (start 2.8 1.2) (end 2.8 -1.2) (layer B.SilkS) (width 0.2))
    (fp_line (start 2.8 -1.2) (end -3 -1.2) (layer B.SilkS) (width 0.2))
    (pad 2 smd rect (at 1.575 0 180) (size 1.2 1.2) (layers B.Cu B.Paste B.Mask)
      (net 12 "Net-(D6-Pad2)"))
    (pad 1 smd rect (at -1.575 0 180) (size 1.2 1.2) (layers B.Cu B.Paste B.Mask)
      (net 8 /row1))
    (pad 1 thru_hole rect (at -3.9 0 180) (size 1.6 1.6) (drill 0.7) (layers *.Cu *.Mask B.SilkS)
      (net 8 /row1))
    (pad 2 thru_hole circle (at 3.9 0 180) (size 1.6 1.6) (drill 0.7) (layers *.Cu *.Mask B.SilkS)
      (net 12 "Net-(D6-Pad2)"))
    (pad 1 smd rect (at -2.7 0 180) (size 2.5 0.5) (layers B.Cu)
      (net 8 /row1) (solder_mask_margin -999))
    (pad 2 smd rect (at 2.7 0 180) (size 2.5 0.5) (layers B.Cu)
      (net 12 "Net-(D6-Pad2)") (solder_mask_margin -999))
  )

  (module keyboard_parts:D_SOD123_axial (layer B.Cu) (tedit 561B6A12) (tstamp 60CF385D)
    (at 177.28125 75.5625 180)
    (path /60E1587B)
    (attr smd)
    (fp_text reference D7 (at 0 -1.925) (layer B.SilkS)
      (effects (font (size 0.8 0.8) (thickness 0.15)) (justify mirror))
    )
    (fp_text value D (at 0 1.925) (layer B.SilkS) hide
      (effects (font (size 0.8 0.8) (thickness 0.15)) (justify mirror))
    )
    (fp_line (start -2.275 1.2) (end -2.275 -1.2) (layer B.SilkS) (width 0.2))
    (fp_line (start -2.45 1.2) (end -2.45 -1.2) (layer B.SilkS) (width 0.2))
    (fp_line (start -2.625 1.2) (end -2.625 -1.2) (layer B.SilkS) (width 0.2))
    (fp_line (start -3.025 -1.2) (end -3.025 1.2) (layer B.SilkS) (width 0.2))
    (fp_line (start -2.8 1.2) (end -2.8 -1.2) (layer B.SilkS) (width 0.2))
    (fp_line (start -2.925 1.2) (end -2.925 -1.2) (layer B.SilkS) (width 0.2))
    (fp_line (start -3 1.2) (end 2.8 1.2) (layer B.SilkS) (width 0.2))
    (fp_line (start 2.8 1.2) (end 2.8 -1.2) (layer B.SilkS) (width 0.2))
    (fp_line (start 2.8 -1.2) (end -3 -1.2) (layer B.SilkS) (width 0.2))
    (pad 2 smd rect (at 1.575 0 180) (size 1.2 1.2) (layers B.Cu B.Paste B.Mask)
      (net 13 "Net-(D7-Pad2)"))
    (pad 1 smd rect (at -1.575 0 180) (size 1.2 1.2) (layers B.Cu B.Paste B.Mask)
      (net 6 /row0))
    (pad 1 thru_hole rect (at -3.9 0 180) (size 1.6 1.6) (drill 0.7) (layers *.Cu *.Mask B.SilkS)
      (net 6 /row0))
    (pad 2 thru_hole circle (at 3.9 0 180) (size 1.6 1.6) (drill 0.7) (layers *.Cu *.Mask B.SilkS)
      (net 13 "Net-(D7-Pad2)"))
    (pad 1 smd rect (at -2.7 0 180) (size 2.5 0.5) (layers B.Cu)
      (net 6 /row0) (solder_mask_margin -999))
    (pad 2 smd rect (at 2.7 0 180) (size 2.5 0.5) (layers B.Cu)
      (net 13 "Net-(D7-Pad2)") (solder_mask_margin -999))
  )

  (module keyboard_parts:D_SOD123_axial (layer B.Cu) (tedit 561B6A12) (tstamp 60CF2BF0)
    (at 177.375 94.875 180)
    (path /60E1589A)
    (attr smd)
    (fp_text reference D8 (at 0 -1.925) (layer B.SilkS)
      (effects (font (size 0.8 0.8) (thickness 0.15)) (justify mirror))
    )
    (fp_text value D (at 0 1.925) (layer B.SilkS) hide
      (effects (font (size 0.8 0.8) (thickness 0.15)) (justify mirror))
    )
    (fp_line (start 2.8 -1.2) (end -3 -1.2) (layer B.SilkS) (width 0.2))
    (fp_line (start 2.8 1.2) (end 2.8 -1.2) (layer B.SilkS) (width 0.2))
    (fp_line (start -3 1.2) (end 2.8 1.2) (layer B.SilkS) (width 0.2))
    (fp_line (start -2.925 1.2) (end -2.925 -1.2) (layer B.SilkS) (width 0.2))
    (fp_line (start -2.8 1.2) (end -2.8 -1.2) (layer B.SilkS) (width 0.2))
    (fp_line (start -3.025 -1.2) (end -3.025 1.2) (layer B.SilkS) (width 0.2))
    (fp_line (start -2.625 1.2) (end -2.625 -1.2) (layer B.SilkS) (width 0.2))
    (fp_line (start -2.45 1.2) (end -2.45 -1.2) (layer B.SilkS) (width 0.2))
    (fp_line (start -2.275 1.2) (end -2.275 -1.2) (layer B.SilkS) (width 0.2))
    (pad 2 smd rect (at 2.7 0 180) (size 2.5 0.5) (layers B.Cu)
      (net 14 "Net-(D8-Pad2)") (solder_mask_margin -999))
    (pad 1 smd rect (at -2.7 0 180) (size 2.5 0.5) (layers B.Cu)
      (net 8 /row1) (solder_mask_margin -999))
    (pad 2 thru_hole circle (at 3.9 0 180) (size 1.6 1.6) (drill 0.7) (layers *.Cu *.Mask B.SilkS)
      (net 14 "Net-(D8-Pad2)"))
    (pad 1 thru_hole rect (at -3.9 0 180) (size 1.6 1.6) (drill 0.7) (layers *.Cu *.Mask B.SilkS)
      (net 8 /row1))
    (pad 1 smd rect (at -1.575 0 180) (size 1.2 1.2) (layers B.Cu B.Paste B.Mask)
      (net 8 /row1))
    (pad 2 smd rect (at 1.575 0 180) (size 1.2 1.2) (layers B.Cu B.Paste B.Mask)
      (net 14 "Net-(D8-Pad2)"))
  )

  (module keyboard_parts:USB_miniB_hirose_5S8 (layer B.Cu) (tedit 5950B1FC) (tstamp 60CF2C05)
    (at 145.75 67.75)
    (descr "USB miniB hirose UX60SC-MB-5S8")
    (tags "USB miniB hirose through hole UX60SC-MB-5S8")
    (path /60D1D871)
    (fp_text reference J1 (at 0 -2.45) (layer B.SilkS) hide
      (effects (font (size 0.8128 0.8128) (thickness 0.2032)) (justify mirror))
    )
    (fp_text value USB_mini_micro_B (at 0 -7.95) (layer Dwgs.User) hide
      (effects (font (size 1.524 1.524) (thickness 0.3048)))
    )
    (fp_line (start 3.85 0.4) (end 3.85 -6.1) (layer B.SilkS) (width 0.2))
    (fp_line (start -3.85 0.4) (end -3.85 -6.1) (layer B.SilkS) (width 0.2))
    (fp_line (start -3.85 0.4) (end 3.85 0.4) (layer B.SilkS) (width 0.2))
    (fp_line (start -1 -6.1) (end 1 -6.1) (layer Dwgs.User) (width 0.2))
    (fp_line (start -3.85 -6.6) (end -3.85 -5.7) (layer Dwgs.User) (width 0.2))
    (fp_line (start 3.85 -6.6) (end 3.85 -5.7) (layer Dwgs.User) (width 0.2))
    (fp_line (start -3.85 -6.6) (end 3.85 -6.6) (layer Dwgs.User) (width 0.2))
    (fp_text user "PCB edge" (at -0.05 -5.35) (layer Dwgs.User) hide
      (effects (font (size 0.5 0.5) (thickness 0.125)))
    )
    (pad 6 smd rect (at 2.675 -5.2) (size 2.35 0.8) (layers B.Cu B.Paste B.Mask)
      (net 46 GND))
    (pad 6 smd rect (at -2.675 -5.2) (size 2.35 0.8) (layers B.Cu B.Paste B.Mask)
      (net 46 GND))
    (pad 1 smd rect (at -1.6 0) (size 0.5 1.4) (layers B.Cu B.Paste B.Mask)
      (net 3 VCC))
    (pad 2 smd rect (at -0.8 0) (size 0.5 1.4) (layers B.Cu B.Paste B.Mask)
      (net 15 "Net-(J1-Pad2)"))
    (pad 3 smd rect (at 0 0) (size 0.5 1.4) (layers B.Cu B.Paste B.Mask)
      (net 16 "Net-(J1-Pad3)"))
    (pad 4 smd rect (at 0.8 0) (size 0.5 1.4) (layers B.Cu B.Paste B.Mask)
      (net 17 "Net-(J1-Pad4)"))
    (pad 5 smd rect (at 1.6 0) (size 0.5 1.4) (layers B.Cu B.Paste B.Mask)
      (net 46 GND))
    (pad 6 thru_hole oval (at -3.65 -2.4) (size 1.5 4) (drill oval 0.7 3.2) (layers *.Cu *.Mask B.Paste)
      (net 46 GND))
    (pad 6 thru_hole oval (at 3.65 -2.4) (size 1.5 4) (drill oval 0.7 3.2) (layers *.Cu *.Mask B.Paste)
      (net 46 GND))
  )

  (module Resistor_SMD:R_0805_2012Metric (layer B.Cu) (tedit 5F68FEEE) (tstamp 60CF2D3E)
    (at 186.5 94.1625 90)
    (descr "Resistor SMD 0805 (2012 Metric), square (rectangular) end terminal, IPC_7351 nominal, (Body size source: IPC-SM-782 page 72, https://www.pcb-3d.com/wordpress/wp-content/uploads/ipc-sm-782a_amendment_1_and_2.pdf), generated with kicad-footprint-generator")
    (tags resistor)
    (path /60D15A1B)
    (attr smd)
    (fp_text reference R1 (at 0 1.65 270) (layer B.SilkS)
      (effects (font (size 1 1) (thickness 0.15)) (justify mirror))
    )
    (fp_text value 10k (at 0 -1.65 270) (layer B.Fab)
      (effects (font (size 1 1) (thickness 0.15)) (justify mirror))
    )
    (fp_line (start 1.68 -0.95) (end -1.68 -0.95) (layer B.CrtYd) (width 0.05))
